      0/99     16.4G   0.04994    0.1278         0    0.1777         8      1280    0.8331    0.8548    0.8948    0.6385   0.04059  0.009874         0
      1/99     16.3G    0.0301  0.007021         0   0.03712        20      1280     0.841    0.8504    0.8967    0.6454   0.03958   0.01007         0
      2/99     16.3G   0.03205  0.007404         0   0.03946        12      1280    0.8558     0.844    0.9028     0.642    0.0366   0.01003         0
      3/99     16.3G   0.03059  0.007325         0   0.03791        26      1280    0.8734    0.8557    0.9192    0.6693   0.03542  0.009667         0
      4/99     16.3G   0.02857  0.007171         0   0.03574         6      1280    0.8816    0.8784    0.9314    0.6892   0.03297  0.009318         0
      5/99     16.3G   0.02693  0.006983         0   0.03391        13      1280    0.8863    0.8901    0.9369    0.7019   0.03203  0.009117         0
      6/99     16.3G   0.02586  0.006811         0   0.03267        22      1280    0.8909    0.8907    0.9438    0.7138   0.03111  0.008847         0
      7/99     16.3G   0.02526  0.006761         0   0.03202        19      1280    0.9034    0.8876    0.9471    0.7165   0.03062  0.008613         0
      8/99     16.3G   0.02459  0.006546         0   0.03113         9      1280    0.8931    0.9129    0.9527    0.7281   0.02993  0.008283         0
      9/99     16.3G   0.02464  0.006487         0   0.03113        27      1280    0.8997    0.9153    0.9557    0.7327    0.0296  0.008069         0
     10/99     16.3G   0.02433   0.00648         0   0.03081        11      1280    0.8955    0.9097    0.9547    0.7349   0.02943  0.007937         0
     11/99     16.3G   0.02399  0.006483         0   0.03048         7      1280    0.8956    0.9221    0.9585    0.7425   0.02919  0.007687         0
     12/99     16.3G   0.02364  0.006328         0   0.02997         5      1280    0.8968    0.9192    0.9554    0.7395    0.0291  0.007483         0
     13/99     16.3G   0.02363  0.006259         0   0.02989        10      1280    0.9032    0.9205    0.9606    0.7482    0.0289  0.007271         0
     14/99     16.3G   0.02302  0.006218         0   0.02923        34      1280    0.9082    0.9212    0.9633     0.755   0.02886    0.0071         0
     15/99     16.3G   0.02309  0.006191         0   0.02928        20      1280    0.9138    0.9218    0.9627    0.7565   0.02878   0.00691         0
     16/99     16.3G   0.02291  0.006243         0   0.02915        17      1280    0.9147    0.9198    0.9639    0.7582   0.02877  0.006838         0
     17/99     16.3G    0.0228  0.006181         0   0.02898        19      1280     0.911    0.9258    0.9648    0.7638   0.02847   0.00677         0
     18/99     16.3G   0.02264  0.006103         0   0.02874        17      1280    0.9147    0.9186    0.9665    0.7648   0.02846  0.006667         0
     19/99     16.3G   0.02237  0.006065         0   0.02844        16      1280    0.9148    0.9193    0.9667    0.7674   0.02837  0.006574         0
     20/99     16.3G   0.02275  0.006198         0   0.02895         4      1280    0.9049    0.9276    0.9658    0.7671   0.02847   0.00651         0
     21/99     16.3G   0.02237  0.006117         0   0.02848        18      1280    0.9203    0.9181     0.967    0.7685   0.02823  0.006497         0
     22/99     16.3G    0.0222    0.0061         0    0.0283        11      1280    0.9115    0.9282    0.9671    0.7706   0.02792  0.006476         0
     23/99     16.3G   0.02214  0.006055         0   0.02819         8      1280    0.9005    0.9432    0.9679    0.7741   0.02767  0.006467         0
     24/99     16.3G   0.02216  0.006063         0   0.02822        10      1280    0.9056    0.9397    0.9684    0.7755    0.0275  0.006533         0
     25/99     16.3G   0.02196   0.00601         0   0.02797         9      1280    0.9192    0.9267    0.9679    0.7759   0.02731  0.006593         0
     26/99     16.3G    0.0221  0.006138         0   0.02824         7      1280     0.925    0.9182    0.9682    0.7752   0.02713  0.006647         0
     27/99     16.3G   0.02151  0.006007         0   0.02751        11      1280    0.9146    0.9315    0.9682    0.7777   0.02688  0.006683         0
     28/99     16.3G   0.02126  0.005893         0   0.02716         1      1280    0.9163    0.9331      0.97    0.7793   0.02659  0.006706         0
     29/99     16.3G   0.02216  0.006197         0   0.02836         6      1280    0.9183    0.9302    0.9688    0.7779   0.02638  0.006799         0
     30/99     16.3G   0.02123  0.005987         0   0.02722        14      1280    0.9071    0.9426    0.9692    0.7787   0.02611  0.006816         0
     31/99     16.3G   0.02131  0.006003         0   0.02731        10      1280    0.9159    0.9344    0.9696      0.78   0.02587  0.006843         0
     32/99     16.3G   0.02155  0.006102         0   0.02765        10      1280    0.9106     0.941    0.9702    0.7817   0.02562  0.006887         0
     33/99     16.3G   0.02128  0.006257         0   0.02754        14      1280    0.9115    0.9414    0.9703    0.7825   0.02491  0.007084         0
     34/99     16.3G   0.02135  0.006372         0   0.02772        20      1280     0.917    0.9351    0.9706    0.7816   0.02387  0.007432         0
     35/99     16.3G   0.02078  0.006419         0    0.0272         6      1280    0.9245    0.9268    0.9706    0.7788   0.02301   0.00761         0
     36/99     16.3G   0.02095  0.006432         0   0.02738        20      1280    0.9211    0.9304    0.9707    0.7783   0.02229  0.007639         0
     37/99     16.3G   0.02052  0.006351         0   0.02687         8      1280    0.9289    0.9232    0.9709    0.7782   0.02167  0.007606         0
     38/99     16.3G   0.02012  0.006215         0   0.02634        12      1280    0.9214    0.9323    0.9713    0.7792   0.02116  0.007545         0
     39/99     16.3G   0.02026  0.006309         0   0.02656        11      1280    0.9114    0.9433    0.9715      0.78   0.02074  0.007476         0
     40/99     16.3G   0.02022  0.006272         0   0.02649         7      1280    0.9164    0.9386    0.9717    0.7811   0.02038  0.007406         0
     41/99     16.3G   0.01986  0.006218         0   0.02607        14      1280    0.9177    0.9381    0.9718    0.7822   0.02007  0.007337         0
     42/99     16.3G   0.01994  0.006167         0   0.02611        11      1280     0.928    0.9282     0.972    0.7828   0.01981  0.007272         0
     43/99     16.3G   0.01985  0.006182         0   0.02603        13      1280     0.926    0.9305    0.9719    0.7835   0.01958  0.007212         0
     44/99     16.3G   0.01958  0.006123         0   0.02571        32      1280    0.9318    0.9245    0.9719    0.7839   0.01938  0.007157         0
     45/99     16.3G   0.01957  0.006158         0   0.02573         6      1280      0.93    0.9271    0.9722    0.7852   0.01919  0.007104         0
     46/99     16.3G    0.0192  0.006064         0   0.02526         9      1280    0.9305    0.9273    0.9724    0.7858   0.01903  0.007053         0
     47/99     16.3G   0.01919  0.006066         0   0.02526        26      1280    0.9188    0.9395    0.9727    0.7868   0.01887  0.007006         0
     48/99     16.3G   0.01896  0.005991         0   0.02495        13      1280     0.931    0.9279    0.9731    0.7875   0.01874  0.006961         0
     49/99     16.3G   0.01901  0.006026         0   0.02503        18      1280    0.9272    0.9323    0.9733    0.7885    0.0186  0.006919         0
     50/99     16.3G   0.01906  0.006027         0   0.02509        21      1280    0.9319     0.928    0.9735    0.7892   0.01848  0.006878         0
     51/99     16.3G   0.01877  0.006025         0   0.02479        18      1280    0.9143    0.9467    0.9735    0.7899   0.01837   0.00684         0
     52/99     16.3G   0.01859  0.006016         0   0.02461        10      1280    0.9246    0.9365    0.9737    0.7904   0.01826  0.006803         0
     53/99     16.3G   0.01827  0.005911         0   0.02418        14      1280    0.9153    0.9468    0.9738    0.7913   0.01816  0.006766         0
     54/99     16.3G   0.01829  0.005942         0   0.02423        47      1280    0.9263    0.9356     0.974    0.7921   0.01806  0.006731         0
     55/99     16.3G   0.01832  0.005951         0   0.02427        24      1280    0.9296    0.9329    0.9742    0.7928   0.01796  0.006699         0
     56/99     16.3G   0.01826  0.005927         0   0.02419        11      1280    0.9263    0.9369    0.9744    0.7933   0.01787  0.006669         0
     57/99     16.3G    0.0182  0.005884         0   0.02409        16      1280    0.9278    0.9359    0.9746    0.7948   0.01779  0.006638         0
     58/99     16.3G   0.01791  0.005811         0   0.02372        16      1280    0.9264    0.9385    0.9747    0.7952    0.0177  0.006609         0
     59/99     16.3G   0.01779   0.00583         0   0.02362        22      1280    0.9268    0.9382    0.9747    0.7958   0.01763  0.006583         0
     60/99     16.3G   0.01761  0.005784         0   0.02339        19      1280    0.9282    0.9373     0.975    0.7966   0.01755  0.006556         0
     61/99     16.3G   0.01732  0.005685         0     0.023        13      1280    0.9276    0.9382    0.9749     0.797   0.01747  0.006531         0
     62/99     16.3G   0.01732  0.005702         0   0.02302        38      1280     0.928    0.9383    0.9751    0.7978    0.0174  0.006507         0
     63/99     16.3G   0.01736  0.005695         0   0.02306        17      1280    0.9264    0.9405    0.9753    0.7983   0.01732  0.006485         0
     64/99     16.3G   0.01731  0.005674         0   0.02298        17      1280    0.9247    0.9423    0.9754    0.7988   0.01726  0.006463         0
     65/99     16.3G   0.01724  0.005718         0   0.02296        43      1280    0.9251    0.9424    0.9755    0.7995   0.01719  0.006441         0
     66/99     16.3G   0.01697  0.005686         0   0.02266        15      1280    0.9246    0.9432    0.9755    0.8001   0.01713  0.006419         0
     67/99     16.3G   0.01705  0.005604         0   0.02265        20      1280    0.9238    0.9444    0.9756    0.8006   0.01707  0.006399         0
     68/99     16.3G   0.01702  0.005669         0   0.02269         4      1280    0.9266    0.9424    0.9758     0.801   0.01701  0.006382         0
     69/99     16.3G   0.01683  0.005639         0   0.02247        23      1280    0.9278    0.9425     0.976    0.8016   0.01695  0.006363         0
     70/99     16.3G   0.01689  0.005643         0   0.02254         4      1280    0.9284    0.9421    0.9761    0.8019    0.0169  0.006345         0
     71/99     16.3G    0.0166  0.005575         0   0.02217         7      1280    0.9281    0.9428    0.9764    0.8025   0.01685  0.006328         0
     72/99     16.3G   0.01653  0.005552         0   0.02208         9      1280    0.9264    0.9454    0.9767    0.8032    0.0168  0.006313         0
     73/99     16.3G   0.01631  0.005538         0   0.02185         9      1280    0.9266     0.946    0.9767    0.8035   0.01675  0.006298         0
     74/99     16.3G   0.01622  0.005562         0   0.02178        20      1280    0.9368    0.9358    0.9769    0.8041    0.0167  0.006283         0
     75/99     16.3G   0.01609  0.005491         0   0.02158        25      1280    0.9262     0.947     0.977    0.8046   0.01665  0.006267         0
     76/99     16.3G   0.01594  0.005408         0   0.02135        27      1280    0.9232    0.9511    0.9771    0.8051    0.0166  0.006252         0
     77/99     16.3G   0.01605  0.005536         0   0.02158        14      1280    0.9249    0.9502    0.9773    0.8058   0.01656  0.006238         0
     78/99     16.3G   0.01577  0.005408         0   0.02118         2      1280    0.9244    0.9517    0.9775    0.8061   0.01651  0.006225         0
     79/99     16.3G   0.01577  0.005448         0   0.02122        12      1280    0.9252    0.9518    0.9777    0.8066   0.01647  0.006212         0
     80/99     16.3G   0.01563  0.005411         0   0.02105        22      1280    0.9254    0.9522    0.9778    0.8074   0.01643  0.006199         0
     81/99     16.3G   0.01562  0.005328         0   0.02095        47      1280    0.9292    0.9487    0.9779    0.8079   0.01639  0.006186         0
     82/99     16.3G   0.01546  0.005331         0    0.0208        13      1280    0.9302    0.9481    0.9781    0.8084   0.01635  0.006174         0
     83/99     16.3G   0.01546  0.005345         0    0.0208        17      1280    0.9341    0.9446    0.9784    0.8088   0.01631  0.006163         0
     84/99     16.3G    0.0155  0.005317         0   0.02082        25      1280    0.9346    0.9445    0.9784    0.8091   0.01627  0.006151         0
     85/99     16.3G   0.01519  0.005325         0   0.02051         7      1280    0.9356    0.9447    0.9786    0.8098   0.01623  0.006141         0
     86/99     16.3G    0.0152   0.00528         0   0.02048        23      1280    0.9335    0.9471    0.9788    0.8105    0.0162  0.006131         0
     87/99     16.3G   0.01513  0.005276         0   0.02041        10      1280     0.933    0.9482    0.9791    0.8109   0.01617  0.006122         0
     88/99     16.3G   0.01508  0.005274         0   0.02035         7      1280     0.933    0.9489    0.9792    0.8117   0.01613  0.006114         0
     89/99     16.3G   0.01514  0.005287         0   0.02043         2      1280    0.9332    0.9494    0.9792    0.8121    0.0161  0.006105         0
     90/99     16.3G   0.01497   0.00523         0    0.0202        14      1280    0.9333      0.95    0.9795    0.8126   0.01607  0.006095         0
     91/99     16.3G     0.015  0.005311         0   0.02031        20      1280     0.934    0.9495    0.9795    0.8131   0.01604  0.006088         0
     92/99     16.3G    0.0149   0.00518         0   0.02008        10      1280    0.9346    0.9494    0.9797    0.8138   0.01601  0.006079         0
     93/99     16.3G   0.01497  0.005199         0   0.02017        17      1280    0.9334    0.9508    0.9799    0.8142   0.01599   0.00607         0
     94/99     16.3G   0.01479  0.005223         0   0.02001        11      1280    0.9341    0.9506    0.9801    0.8149   0.01596  0.006062         0
     95/99     16.3G   0.01465  0.005212         0   0.01986        22      1280    0.9354    0.9495    0.9801    0.8153   0.01593  0.006055         0
     96/99     16.3G   0.01472  0.005225         0   0.01994         9      1280    0.9365    0.9486    0.9803    0.8156   0.01591  0.006048         0
     97/99     16.3G   0.01464  0.005173         0   0.01981        18      1280    0.9372    0.9483    0.9804     0.816   0.01588   0.00604         0
     98/99     16.3G   0.01459  0.005235         0   0.01983         6      1280    0.9367    0.9495    0.9804    0.8162   0.01586  0.006034         0
     99/99     16.3G   0.01456  0.005216         0   0.01978         5      1280     0.937    0.9497    0.9805    0.8169   0.01583  0.006027         0
